- - - OUTER problem solution UPDATED - - -
1st(diag) term: 0.162736 | 2nd(trace) term: 7.001226 | 3rd(penalty) term: 0.002400
error: 3.33, subg norm:8.79
h function value (data fidelity):7.163962
h function comparable value:3.58198
f function value:7.16636
Inferred Omega:
[[ 0.9502  0.0002  0.0000  0.0000  0.0000 -0.0001  0.0000]
 [ 0.0002  0.8635  0.0002  0.0000  0.0000  0.0000  0.0000]
 [ 0.0000  0.0002  1.0837  0.0001  0.0000 -0.0001  0.0000]
 [ 0.0000  0.0000  0.0001  1.1276  0.0002  0.0000  0.0001]
 [ 0.0000  0.0000  0.0000  0.0002  1.1054  0.0001  0.0000]
 [-0.0001  0.0000 -0.0001  0.0000  0.0001  0.9116  0.0002]
 [ 0.0000  0.0000  0.0000  0.0001  0.0000  0.0002  0.9125]]
nonzero entry count:  29
symmetric(Th, G_n, Omg_n):True,True,True
dumping records:syn_pMat0.2_lg(1.0,0.8)_ITR(20,100)_step(1,0.7)







 = = = line-search iteration 0 = = = 
~ ~ ~ No constraint is applied.
- - - OUTER problem solution UPDATED - - -
1st(diag) term: -0.597945 | 2nd(trace) term: 6.437420 | 3rd(penalty) term: 1.126539
error: 0.94, subg norm:2.65
h function value (data fidelity):5.839475
h function comparable value:2.91974
f function value:6.96601
Inferred Omega:
[[ 0.9729 -0.0750 -0.0000 -0.0000 -0.0000  0.0000 -0.0000]
 [-0.0750  0.9447 -0.2220 -0.0000  0.0000  0.0000  0.0000]
 [-0.0000 -0.2220  1.1809 -0.0000 -0.0000  0.0000 -0.0000]
 [-0.0000 -0.0000 -0.0000  1.1412 -0.0446 -0.0000 -0.0000]
 [-0.0000  0.0000 -0.0000 -0.0446  1.1185 -0.0000 -0.0000]
 [ 0.0000  0.0000  0.0000 -0.0000 -0.0000  0.9861 -0.2217]
 [-0.0000  0.0000 -0.0000 -0.0000 -0.0000 -0.2217  0.9871]]
nonzero entry count:  15
symmetric(Th, G_n, Omg_n):True,True,True
dumping records:syn_pMat0.2_unconstrained_lg(1.0,0.8)_ITR(20,100)_step(1,0.7)







 = = = iteration 19 = = = 

 = = = line-search iteration 0 = = = 

- - - OUTER problem solution UPDATED - - -
1st(diag) term: 0.157557 | 2nd(trace) term: 6.996019 | 3rd(penalty) term: 0.007791
error: 1.38, subg norm:3.65
h function value (data fidelity):7.153576
h function comparable value:3.57679
f function value:7.16137
Inferred Omega:
[[ 9.50e-01 -5.87e-04  0.00e+00  0.00e+00  0.00e+00  2.29e-04 -1.19e-06]
 [-5.87e-04  8.64e-01 -6.77e-04  0.00e+00  0.00e+00  0.00e+00  0.00e+00]
 [ 0.00e+00 -6.77e-04  1.08e+00 -2.98e-04  0.00e+00  2.09e-04  0.00e+00]
 [ 0.00e+00  0.00e+00 -2.98e-04  1.13e+00 -5.16e-04 -8.34e-05 -2.13e-04]
 [ 0.00e+00  0.00e+00  0.00e+00 -5.16e-04  1.11e+00 -3.90e-04  0.00e+00]
 [ 2.29e-04  0.00e+00  2.09e-04 -8.34e-05 -3.90e-04  9.12e-01 -6.91e-04]
 [-1.19e-06  0.00e+00  0.00e+00 -2.13e-04  0.00e+00 -6.91e-04  9.13e-01]]
nonzero entry count:  29
symmetric(Th, G_n, Omg_n):True,True,True
dumping records:syn_pMat0.2_lg(1.0,0.5)_ITR(20,100)_step(1,0.7)


= = = Finished = = =
Groundtruth Omega:
[[ 1.33e+00 -6.67e-01  0.00e+00  0.00e+00  0.00e+00 -2.31e-18 -1.16e-18]
 [-6.67e-01  1.67e+00 -6.67e-01  0.00e+00  0.00e+00  0.00e+00  0.00e+00]
 [ 0.00e+00 -6.67e-01  1.67e+00 -6.67e-01  0.00e+00  2.05e-33  0.00e+00]
 [ 0.00e+00  0.00e+00 -6.67e-01  1.67e+00 -6.67e-01  3.24e-17  9.25e-18]
 [ 0.00e+00  0.00e+00  0.00e+00 -6.67e-01  1.67e+00 -6.67e-01  0.00e+00]
 [ 0.00e+00  0.00e+00  0.00e+00  0.00e+00 -6.67e-01  1.67e+00 -6.67e-01]
 [ 0.00e+00  0.00e+00  0.00e+00  0.00e+00  0.00e+00 -6.67e-01  1.33e+00]]
nonzero entry count:  24
Inferred Omega:
[[ 9.50e-01 -5.87e-04  0.00e+00  0.00e+00  0.00e+00  2.29e-04 -1.19e-06]
 [-5.87e-04  8.64e-01 -6.77e-04  0.00e+00  0.00e+00  0.00e+00  0.00e+00]
 [ 0.00e+00 -6.77e-04  1.08e+00 -2.98e-04  0.00e+00  2.09e-04  0.00e+00]
 [ 0.00e+00  0.00e+00 -2.98e-04  1.13e+00 -5.16e-04 -8.34e-05 -2.13e-04]
 [ 0.00e+00  0.00e+00  0.00e+00 -5.16e-04  1.11e+00 -3.90e-04  0.00e+00]
 [ 2.29e-04  0.00e+00  2.09e-04 -8.34e-05 -3.90e-04  9.12e-01 -6.91e-04]
 [-1.19e-06  0.00e+00  0.00e+00 -2.13e-04  0.00e+00 -6.91e-04  9.13e-01]]
nonzero entry count: 29







 = = = iteration 19 = = = 

 = = = line-search iteration 0 = = = 

- - - OUTER problem solution UPDATED - - -
1st(diag) term: -0.244331 | 2nd(trace) term: 6.620296 | 3rd(penalty) term: 0.633167
error: 1.31, subg norm:3.57
h function value (data fidelity):6.375965
h function comparable value:$3.18798$
f function value:$7.00913$
Inferred Omega:
[[ 0.9540 -0.0143  0.0000  0.0000  0.0000  0.0018 -0.0001]
 [-0.0143  0.9056 -0.1433  0.0000  0.0000  0.0000  0.0000]
 [ 0.0000 -0.1433  1.1446 -0.0022  0.0000  0.0014  0.0000]
 [ 0.0000  0.0000 -0.0022  1.1261 -0.0040 -0.0006 -0.0017]
 [ 0.0000  0.0000  0.0000 -0.0040  1.1039 -0.0029  0.0000]
 [ 0.0018  0.0000  0.0014 -0.0006 -0.0029  0.9577 -0.1444]
 [-0.0001  0.0000  0.0000 -0.0017  0.0000 -0.1444  0.9597]]
nonzero entry count:  29
symmetric(Th, G_n, Omg_n):True,True,True
dumping records:syn_pMat0.2_lg(1.0,0.2)_ITR(20,100)_step(1,0.7)

= = = Finished = = =
Groundtruth Omega:
[[ 1.3333 -0.6667  0.0000  0.0000  0.0000 -0.0000 -0.0000]
 [-0.6667  1.6667 -0.6667  0.0000  0.0000  0.0000  0.0000]
 [ 0.0000 -0.6667  1.6667 -0.6667  0.0000  0.0000  0.0000]
 [ 0.0000  0.0000 -0.6667  1.6667 -0.6667  0.0000  0.0000]
 [ 0.0000  0.0000  0.0000 -0.6667  1.6667 -0.6667  0.0000]
 [ 0.0000  0.0000  0.0000  0.0000 -0.6667  1.6667 -0.6667]
 [ 0.0000  0.0000  0.0000  0.0000  0.0000 -0.6667  1.3333]]
nonzero entry count:  24
Inferred Omega:
[[ 0.9540 -0.0143  0.0000  0.0000  0.0000  0.0018 -0.0001]
 [-0.0143  0.9056 -0.1433  0.0000  0.0000  0.0000  0.0000]
 [ 0.0000 -0.1433  1.1446 -0.0022  0.0000  0.0014  0.0000]
 [ 0.0000  0.0000 -0.0022  1.1261 -0.0040 -0.0006 -0.0017]
 [ 0.0000  0.0000  0.0000 -0.0040  1.1039 -0.0029  0.0000]
 [ 0.0018  0.0000  0.0014 -0.0006 -0.0029  0.9577 -0.1444]
 [-0.0001  0.0000  0.0000 -0.0017  0.0000 -0.1444  0.9597]]
nonzero entry count: 29





 = = = iteration 19 = = = 

 = = = line-search iteration 0 = = = 

- - - OUTER problem solution UPDATED - - -
1st(diag) term: -1.072151 | 2nd(trace) term: 6.175557 | 3rd(penalty) term: 2.073210
error: 1.27, subg norm:3.74
h function value (data fidelity):5.103406
h function comparable value:2.55170
f function value:7.17662
Inferred Omega:
[[ 9.93e-01 -1.31e-01  0.00e+00  0.00e+00  0.00e+00  2.73e-02 -6.15e-03]
 [-1.31e-01  9.81e-01 -2.92e-01  0.00e+00  0.00e+00  0.00e+00  0.00e+00]
 [ 0.00e+00 -2.92e-01  1.22e+00 -3.74e-02  0.00e+00  2.05e-02  0.00e+00]
 [ 0.00e+00  0.00e+00 -3.74e-02  1.18e+00 -1.52e-01 -2.58e-03 -2.44e-02]
 [ 0.00e+00  0.00e+00  0.00e+00 -1.52e-01  1.16e+00 -4.76e-02  0.00e+00]
 [ 2.73e-02  0.00e+00  2.05e-02 -2.58e-03 -4.76e-02  1.03e+00 -2.96e-01]
 [-6.15e-03  0.00e+00  0.00e+00 -2.44e-02  0.00e+00 -2.96e-01  1.02e+00]]
nonzero entry count:  29
symmetric(Th, G_n, Omg_n):True,True,True
dumping records:syn_pMat0.2_lg(1.0,0.15)_ITR(20,100)_step(1,0.7)


= = = Finished = = =
Groundtruth Omega:
[[ 1.33e+00 -6.67e-01  0.00e+00  0.00e+00  0.00e+00 -2.31e-18 -1.16e-18]
 [-6.67e-01  1.67e+00 -6.67e-01  0.00e+00  0.00e+00  0.00e+00  0.00e+00]
 [ 0.00e+00 -6.67e-01  1.67e+00 -6.67e-01  0.00e+00  2.05e-33  0.00e+00]
 [ 0.00e+00  0.00e+00 -6.67e-01  1.67e+00 -6.67e-01  3.24e-17  9.25e-18]
 [ 0.00e+00  0.00e+00  0.00e+00 -6.67e-01  1.67e+00 -6.67e-01  0.00e+00]
 [ 0.00e+00  0.00e+00  0.00e+00  0.00e+00 -6.67e-01  1.67e+00 -6.67e-01]
 [ 0.00e+00  0.00e+00  0.00e+00  0.00e+00  0.00e+00 -6.67e-01  1.33e+00]]
nonzero entry count:  24
Inferred Omega:
[[ 9.93e-01 -1.31e-01  0.00e+00  0.00e+00  0.00e+00  2.73e-02 -6.15e-03]
 [-1.31e-01  9.81e-01 -2.92e-01  0.00e+00  0.00e+00  0.00e+00  0.00e+00]
 [ 0.00e+00 -2.92e-01  1.22e+00 -3.74e-02  0.00e+00  2.05e-02  0.00e+00]
 [ 0.00e+00  0.00e+00 -3.74e-02  1.18e+00 -1.52e-01 -2.58e-03 -2.44e-02]
 [ 0.00e+00  0.00e+00  0.00e+00 -1.52e-01  1.16e+00 -4.76e-02  0.00e+00]
 [ 2.73e-02  0.00e+00  2.05e-02 -2.58e-03 -4.76e-02  1.03e+00 -2.96e-01]
 [-6.15e-03  0.00e+00  0.00e+00 -2.44e-02  0.00e+00 -2.96e-01  1.02e+00]]
nonzero entry count: 29







 = = = iteration 19 = = = 

 = = = line-search iteration 0 = = = 

- - - OUTER problem solution UPDATED - - -
1st(diag) term: -2.064184 | 2nd(trace) term: 5.964310 | 3rd(penalty) term: 4.119119
error: 1.25, subg norm:4.11
h function value (data fidelity):3.900126
h function comparable value:1.95006
f function value:8.01924
Inferred Omega:
[[ 1.04e+00 -2.45e-01  0.00e+00  0.00e+00  0.00e+00  8.32e-02 -3.38e-02]
 [-2.45e-01  1.06e+00 -4.40e-01  0.00e+00  0.00e+00  0.00e+00  0.00e+00]
 [ 0.00e+00 -4.40e-01  1.32e+00 -1.26e-01  0.00e+00  5.48e-02  0.00e+00]
 [ 0.00e+00  0.00e+00 -1.26e-01  1.28e+00 -3.75e-01  2.20e-02 -6.94e-02]
 [ 0.00e+00  0.00e+00  0.00e+00 -3.75e-01  1.26e+00 -1.58e-01  0.00e+00]
 [ 8.32e-02  0.00e+00  5.48e-02  2.20e-02 -1.58e-01  1.12e+00 -4.53e-01]
 [-3.38e-02  0.00e+00  0.00e+00 -6.94e-02  0.00e+00 -4.53e-01  1.08e+00]]
nonzero entry count:  29
symmetric(Th, G_n, Omg_n):True,True,True
dumping records:syn_pMat0.2_lg(1.0,0.1)_ITR(20,100)_step(1,0.7)


= = = Finished = = =
Groundtruth Omega:
[[ 1.33e+00 -6.67e-01  0.00e+00  0.00e+00  0.00e+00 -2.31e-18 -1.16e-18]
 [-6.67e-01  1.67e+00 -6.67e-01  0.00e+00  0.00e+00  0.00e+00  0.00e+00]
 [ 0.00e+00 -6.67e-01  1.67e+00 -6.67e-01  0.00e+00  2.05e-33  0.00e+00]
 [ 0.00e+00  0.00e+00 -6.67e-01  1.67e+00 -6.67e-01  3.24e-17  9.25e-18]
 [ 0.00e+00  0.00e+00  0.00e+00 -6.67e-01  1.67e+00 -6.67e-01  0.00e+00]
 [ 0.00e+00  0.00e+00  0.00e+00  0.00e+00 -6.67e-01  1.67e+00 -6.67e-01]
 [ 0.00e+00  0.00e+00  0.00e+00  0.00e+00  0.00e+00 -6.67e-01  1.33e+00]]
nonzero entry count:  24
Inferred Omega:
[[ 1.04e+00 -2.45e-01  0.00e+00  0.00e+00  0.00e+00  8.32e-02 -3.38e-02]
 [-2.45e-01  1.06e+00 -4.40e-01  0.00e+00  0.00e+00  0.00e+00  0.00e+00]
 [ 0.00e+00 -4.40e-01  1.32e+00 -1.26e-01  0.00e+00  5.48e-02  0.00e+00]
 [ 0.00e+00  0.00e+00 -1.26e-01  1.28e+00 -3.75e-01  2.20e-02 -6.94e-02]
 [ 0.00e+00  0.00e+00  0.00e+00 -3.75e-01  1.26e+00 -1.58e-01  0.00e+00]
 [ 8.32e-02  0.00e+00  5.48e-02  2.20e-02 -1.58e-01  1.12e+00 -4.53e-01]
 [-3.38e-02  0.00e+00  0.00e+00 -6.94e-02  0.00e+00 -4.53e-01  1.08e+00]]
nonzero entry count: 29

